M1=100;
k1=50;
b=50;
k12=500;
M2=5;
A=2;
w=10;
